3,1
3,3
10,106
10,259
10,80
10,121
10,177
10,276
10,69
8,4
8,15
8,2
8,3
43,6
43,2
43,0
41,2
41,0
12,3
12,2
12,1
11,30
11,29
11,28
11,27
11,26
11,25
11,24
11,23
11,22
11,21
11,20
11,19
11,18
11,17
11,16
11,15
11,14
11,13
11,12
11,11
11,10
11,9
11,8
11,7
11,6
11,5
11,4
11,3
11,2
11,1
10,305
10,286
10,282
10,280
10,272
10,271
20,2
20,1
10,264
10,263
20,3
10,262
10,260
10,251
10,249
10,244
10,240
10,237
10,232
10,231
10,229
10,221
10,218
10,216
10,212
10,211
10,210
10,206
19,2
10,202
19,1
10,200
19,3
10,190
10,188
10,183
10,182
10,180
10,178
10,172
10,167
10,162
10,158
10,154
10,150
10,148
10,147
10,142
10,141
10,140
10,136
10,134
10,130
18,1
10,34
18,3
10,29
10,5
10,3
10,2
10,1
0,273
9,7
0,270
9,6
9,5
